4
100
18
78
38
76
97
35
39
100
93
58
19
8
59
25
82
81
60
77
16
84
89
52
11
11
59
57
52
55
27
95
74
97
9
52
97
90
68
54
26
34
14
59
45
71
9
91
99
77
79
1
65
37
90
22
56
15
75
66
28
16
66
23
92
9
20
27
93
65
55
61
44
46
18
69
74
68
26
10
26
6
86
56
46
57
66
96
87
37
46
46
37
60
47
28
3
30
77
16
59
38
73
20
27
43
3
47
28
9
79
5
9
65
23
30
66
44
5
56
97
58
19
74
33
99
75
30
15
49
45
1
92
93
59
39
64
83
36
72
60
61
56
77
97
9
46
74
83
0
17
43
32
51
37
40
14
56
9
2
34
97
62
52
73
70
91
10
65
56
49
64
41
69
38
40
41
30
87
97
48
90
81
16
13
94
55
97
28
66
12
71
79
33
96
8
17
62
33
36
72
14
9
68
100
63
14
85
28
16
62
66
38
30
74
87
90
17
22
82
48
95
1
20
57
16
96
32
29
84
21
84
87
15
14
11
12
6
90
85
82
77
41
6
80
1
76
84
66
37
38
49
67
43
92
41
34
34
76
90
67
22
22
38
53
100
59
40
85
91
98
93
42
41
10
38
33
58
49
69
24
96
22
25
41
71
84
78
48
67
66
56
36
63
91
54
72
73
29
1
54
84
84
58
44
34
9
34
46
48
79
41
4
87
65
40
26
48
60
65
18
11
38
88
68
60
22
93
79
12
63
60
78
30
17
83
40
31
22
24
0
86
11
37
16
59
25
22
69
88
17
45
62
19
31
16
26
52
76
55
82
0
63
97
26
54
68
30
48
95
58
83
25
92
1
11
95
53
29
12
26
47
57
78
53
57
85
13
94
40
67
75
78
30
86
72
22
39
15
47
22
64
99
66
60
46
26
35
24
4
92
0
70
74
41
75
30
30
10
78
13
67
15
14
2
85
7
61
11
5
61
5
32
94
33
30
33
34
95
68
82
93
22
2
95
74
93
100
9
92
25
42
27
5
61
92
97
61
87
74
40
86
79
49
46
33
8
1
71
5
66
65
68
78
19
57
0
50
44
91
62
62
11
27
55
33
21
73
44
67
14
2
91
36
12
92
69
48
97
69
100
10
92
30
62
43
34
69
12
26
86
86
45
45
46
37
39
7
87
84
12
62
39
57
52
81
77
72
69
66
1
8
23
96
94
12
40
17
57
28
19
21
29
58
31
55
92
38
76
1
75
10
15
84
70
55
71
49
62
27
76
80
9
77
97
0
69
72
33
14
19
57
25
31
50
84
32
58
81
28
39
20
42
40
85
13
76
0
81
32
12
78
7
74
4
70
66
54
26
53
1
72
80
36
82
5
1
99
32
22
79
62
95
30
69
67
0
10
11
80
96
47
99
43
67
57
50
65
30
5
25
83
75
21
18
92
21
97
85
77
8
25
73
52
74
45
14
36
100
5
29
68
49
82
51
88
3
2
81
91
81
53
45
46
11
38
93
0
2
91
18
66
22
93
87
32
73
100
72
60
26
3
53
75
44
39
46
46
43
78
86
70
85
6
3
91
34
10
98
45
38
71
35
100
90
59
17
95
72
54
100
25
34
29
54
98
17
77
66
39
18
73
84
60
98
6
83
60
60
21
55
13
98
95
9
20
74
52
58
90
47
49
84
4
61
63
71
76
98
54
50
52
36
67
20
93
14
43
63
58
46
80
74
72
62
94
32
60
96
46
87
43
59
92
7
51
73
68
88
34
70
78
67
68
36
71
6
96
91
11
86
32
8
67
8
51
72
24
91
77
58
70
1
59
83
71
85
76
48
32
33
41
64
61
75
60
5
75
99
88
58
26
62
91
12
66
12
68
26
47
41
13
92
31
22
33
16
16
17
78
74
26
67
63
51
90
68
38
3
21
68
82
8
45
75
6
89
82
47
11
96
62
93
20
3
68
56
99
87
84
70
45
40
51
97
66
63
90
81
61
8
63
34
63
74
7
24
4
76
74
0
21
50
59
89
100
42
56
45
20
93
14
31
17
7
32
85
50
35
99
46
76
51
82
62
6
26
67
20
2
6
21
24
6
29
34
21
53
1
69
84
97
98
17
19
84
26
85
53
15
9
49
89
35
62
85
92
12
38
19
95
98
10
59
56
39
29
92
23
54
43
40
83
65
34
45
0
4
63
86
28
24
44
26
32
80
35
20
1
18
55
94
3
27
29
43
25
6
0
0
63
33
35
80
10
17
82
97
43
71
